282
402
395
54
383
2437
1933
1995
1230
902
785
2144
1542
1141
993
489
377
1069
1337
1592
2133
783
643
457
444
587
1435
772
858
827
622
1212
847
616
607
553
1050
1194
889
1264
1165
936
1601
1694
1283
797
525
464
791
1031
1202
1355
780
1244
1205
1487
1372
1381
1244
1298
819
613
527
707
898
1527
1425
1594
1262
633
775
1639
899
1003
514
538
1404
991
1173
933
514
854
1519
1643
1536
992
1216
1262
1235
1005
1070
1231
1423
1062
947
819
624
807
1146
786
764
1193
1408
1462
1373
1497
1336
1117
1335
1533
1426
510
744
811
770
1165
1069
1134
1336
1076
1435
1144
570
565
1321
1224
1670
1632
1143
872
954
679
640
1082
1499
1145
1413
1267
602
940
2007
1424
693
641
547
1630
1811
1338
917
1349
1650
1346
1352
1376
1150
1422
1855
1344
625
477
739
547
1766
1595
505
772
446
892
1472
1345
994
796
612
704
1472
632
1121
690
687
1326
1038
912
1153
767
1337
1474
1318
1151
1398
1559
1207
778
888
822
852
1176
1774
1458
1501
968
706
651
1046
798
595
802
487
1103
1412
1480
1680
1042
756
984
925
711
1108
1073
611
714
723
768
599
845
668
1040
1357
1040
985
464
645
698
1132
1329
1528
1332
1274
1154
835
1093
1133
1208
1051
1204
1028
1059
947
779
648
1397
1462
1343
691
981
1216
1270
1105
749
962
1259
1307
727
909
855
1363
1543
1202
847
807
526
803
1456
1436
1350
1197
1235
1730
1226
452
786
608
1160
624
606
872
954
1717
1373
829
1070
1074
1301
1270
401
453
884
592
1329
939
902
900
744
1687
1019
1065
986
1049
1592
1222
1130
935
1308
1636
1125
1007
1031
1182
1431
768
933
996
1069
787
1036
620
625
590
944
1594
893
1459
1248
1378
726
937
1047
1242
